1) safe count: 686
0 ) [3,6,7,9,11,8] [SAFE] 1
1 ) [21,24,25,26,29,30,32,32] [SAFE] 2
2 ) [29,32,33,34,35,37,38,42] [SAFE] 3
3 ) [54,55,57,58,60,61,63,70] [SAFE] 4
4 ) [59,61,60,63,65,68,71] [SAFE] 5
5 ) [43,44,45,44,46,44] [X] 5
6 ) [73,75,73,74,75,75] [X] 5
7 ) [82,85,82,85,89] [X] 5
8 ) [79,82,84,83,85,92] [X] 5
9 ) [91,92,93,93,95] [SAFE] 6
10 ) [30,33,35,37,37,39,40,38] [X] 6
11 ) [74,75,76,78,78,81,81] [X] 6
12 ) [25,26,29,29,30,33,35,39] [X] 6
13 ) [71,72,72,74,81] [X] 6
14 ) [48,51,55,57,59,60,61,63] [X] 6
15 ) [57,59,61,62,64,65,69,66] [SAFE] 7
16 ) [86,88,90,92,95,99,99] [X] 7
17 ) [2,3,6,7,9,13,17] [X] 7
18 ) [84,85,89,92,98] [X] 7
19 ) [1,2,8,9,11,12] [X] 7
20 ) [36,39,46,47,49,51,53,50] [X] 7
21 ) [59,60,63,70,72,73,75,75] [X] 7
22 ) [6,9,12,18,19,21,22,26] [X] 7
23 ) [69,70,77,80,81,84,89] [X] 7
24 ) [20,17,18,21,23,25] [X] 7
25 ) [17,14,15,16,17,20,19] [X] 7
26 ) [69,67,68,71,71] [X] 7
27 ) [27,24,27,30,31,33,37] [X] 7
28 ) [20,19,20,22,28] [X] 7
29 ) [51,48,50,52,51,53,56,58] [X] 7
30 ) [6,5,7,8,10,8,7] [X] 7
31 ) [74,72,74,71,71] [X] 7
32 ) [36,34,36,37,34,35,39] [X] 7
33 ) [6,3,5,8,6,8,11,16] [X] 7
34 ) [76,74,76,79,82,82,84] [X] 7
35 ) [38,36,38,39,39,42,43,40] [X] 7
36 ) [33,31,32,35,37,37,37] [X] 7
37 ) [78,75,75,78,82] [X] 7
38 ) [67,66,67,69,69,71,77] [X] 7
39 ) [86,84,85,87,91,93] [X] 7
40 ) [55,52,56,58,60,58] [X] 7
41 ) [6,5,8,11,15,17,19,19] [X] 7
42 ) [65,62,66,68,71,75] [X] 7
43 ) [61,60,62,66,67,70,75] [X] 7
44 ) [3,1,2,3,10,12] [X] 7
45 ) [83,81,84,86,92,90] [X] 7
46 ) [45,43,45,51,52,52] [X] 7
47 ) [58,55,61,62,66] [X] 7
48 ) [55,53,56,58,60,62,68,75] [X] 7
49 ) [65,65,66,68,69,72,75] [SAFE] 8
50 ) [75,75,76,79,82,81] [X] 8
51 ) [50,50,52,54,57,60,63,63] [X] 8
52 ) [11,11,14,16,17,19,23] [X] 8
53 ) [56,56,58,59,61,64,65,72] [X] 8
54 ) [87,87,89,92,90,93] [X] 8
55 ) [73,73,74,76,79,78,81,80] [X] 8
56 ) [56,56,59,58,60,63,66,66] [X] 8
57 ) [16,16,19,17,18,20,24] [X] 8
58 ) [70,70,71,73,74,77,76,83] [X] 8
59 ) [71,71,73,73,74,75,77,80] [X] 8
60 ) [30,30,31,33,33,32] [X] 8
61 ) [73,73,76,77,79,81,81,81] [X] 8
62 ) [42,42,44,46,48,48,52] [X] 8
63 ) [53,53,53,56,61] [X] 8
64 ) [62,62,64,65,66,70,72,75] [X] 8
65 ) [47,47,50,52,55,57,61,60] [X] 8
66 ) [11,11,13,14,17,21,24,24] [X] 8
67 ) [33,33,37,38,39,41,45] [X] 8
68 ) [46,46,48,50,54,57,63] [X] 8
69 ) [51,51,53,58,60,63] [X] 8
70 ) [10,10,11,14,15,16,21,18] [X] 8
71 ) [4,4,6,9,14,16,16] [X] 8
72 ) [54,54,60,61,65] [X] 8
73 ) [36,36,39,45,48,53] [X] 8
74 ) [58,62,65,67,69,70,71,73] [SAFE] 9
75 ) [64,68,69,70,72,75,74] [X] 9
76 ) [89,93,96,97,98,99,99] [X] 9
77 ) [58,62,65,66,69,70,74] [X] 9
78 ) [13,17,19,22,25,27,34] [X] 9
79 ) [51,55,54,57,59,61] [SAFE] 10
80 ) [69,73,76,78,80,79,81,80] [X] 10
81 ) [30,34,37,34,34] [X] 10
82 ) [5,9,10,7,10,14] [X] 10
83 ) [74,78,79,76,77,83] [X] 10
84 ) [87,91,94,97,98,98,99] [X] 10
85 ) [67,71,73,75,75,74] [X] 10
86 ) [68,72,72,75,75] [X] 10
87 ) [77,81,81,82,86] [X] 10
88 ) [16,20,21,22,22,27] [X] 10
89 ) [31,35,39,40,43] [X] 10
90 ) [85,89,93,94,95,97,99,98] [X] 10
91 ) [54,58,62,63,65,68,69,69] [X] 10
92 ) [78,82,83,87,90,91,94,98] [X] 10
93 ) [17,21,25,27,28,29,34] [X] 10
94 ) [34,38,39,45,48,50,52,54] [X] 10
95 ) [32,36,38,40,45,44] [X] 10
96 ) [65,69,74,76,76] [X] 10
97 ) [12,16,17,23,25,29] [X] 10
98 ) [26,30,33,35,41,47] [X] 10
99 ) [3,8,9,11,14,17] [SAFE] 11
100 ) [56,63,64,67,64] [X] 11
101 ) [52,57,58,59,61,61] [X] 11
102 ) [77,83,85,87,89,90,94] [X] 11
103 ) [7,13,15,17,19,21,22,27] [X] 11
104 ) [52,58,59,56,57,60,63] [X] 11
105 ) [16,22,24,26,23,24,27,24] [X] 11
106 ) [66,73,75,76,73,76,76] [X] 11
107 ) [9,15,14,17,18,19,22,26] [X] 11
108 ) [17,23,25,26,28,31,30,35] [X] 11
109 ) [82,87,88,90,90,92,93] [X] 11
110 ) [63,69,70,70,67] [X] 11
111 ) [87,92,94,96,99,99,99] [X] 11
112 ) [43,50,52,52,56] [X] 11
113 ) [12,17,17,20,22,28] [X] 11
114 ) [67,73,74,77,81,82,84,86] [X] 11
115 ) [37,43,45,49,52,51] [X] 11
116 ) [71,77,81,83,85,88,89,89] [X] 11
117 ) [5,11,15,16,19,23] [X] 11
118 ) [36,43,45,49,52,57] [X] 11
119 ) [50,56,57,64,67] [X] 11
120 ) [49,54,61,64,61] [X] 11
121 ) [41,48,55,58,61,61] [X] 11
122 ) [72,79,80,81,86,90] [X] 11
123 ) [57,62,64,65,68,70,77,83] [X] 11
124 ) [88,86,83,80,79,77,78] [SAFE] 12
125 ) [97,94,92,89,87,84,82,82] [SAFE] 13
126 ) [74,73,71,68,65,63,62,58] [SAFE] 14
127 ) [88,86,83,80,75] [SAFE] 15
128 ) [12,10,13,11,10,9] [X] 15
129 ) [33,32,35,33,30,29,27,28] [X] 15
130 ) [14,11,8,7,10,10] [X] 15
131 ) [71,70,71,70,68,67,66,62] [X] 15
132 ) [20,18,16,18,15,13,12,7] [X] 15
133 ) [23,20,19,19,17] [SAFE] 16
134 ) [60,57,54,52,50,50,48,50] [X] 16
135 ) [72,71,71,69,69] [X] 16
136 ) [92,91,88,86,85,84,84,80] [X] 16
137 ) [36,35,32,29,29,28,22] [X] 16
138 ) [41,38,34,31,30] [X] 16
139 ) [24,21,18,14,12,14] [X] 16
140 ) [78,77,74,73,69,66,66] [X] 16
141 ) [30,28,27,24,20,17,13] [X] 16
142 ) [78,76,73,70,66,64,57] [X] 16
143 ) [66,63,61,58,56,51,48,47] [X] 16
144 ) [19,17,15,12,11,5,7] [X] 16
145 ) [34,31,30,29,22,22] [X] 16
146 ) [29,28,27,26,21,18,14] [X] 16
147 ) [94,93,92,85,79] [X] 16
148 ) [84,86,85,82,81,79,76,75] [X] 16
149 ) [75,77,74,71,72] [X] 16
150 ) [72,75,74,73,72,72] [X] 16
151 ) [61,64,62,59,55] [X] 16
152 ) [19,21,19,17,14,13,10,5] [X] 16
153 ) [4,5,4,7,4,3] [X] 16
154 ) [81,82,85,83,86] [SAFE] 17
155 ) [32,33,34,31,29,28,25,25] [X] 17
156 ) [57,58,55,52,55,51] [X] 17
157 ) [18,19,18,21,19,12] [X] 17
158 ) [42,44,41,41,39,37] [X] 17
159 ) [82,84,82,81,81,79,80] [X] 17
160 ) [58,59,58,57,57,54,54] [X] 17
161 ) [25,28,27,27,26,25,22,18] [X] 17
162 ) [97,99,96,93,90,87,87,82] [X] 17
163 ) [95,97,93,91,89,87] [SAFE] 18
164 ) [42,44,41,37,36,35,33,36] [X] 18
165 ) [35,37,33,31,28,28] [X] 18
166 ) [40,41,39,37,36,32,31,27] [X] 18
167 ) [88,91,88,84,81,78,71] [X] 18
168 ) [93,94,93,92,86,85] [X] 18
169 ) [85,88,82,81,80,82] [X] 18
170 ) [30,33,31,28,22,22] [X] 18
171 ) [58,59,54,53,52,50,48,44] [X] 18
172 ) [71,72,66,63,57] [X] 18
173 ) [18,18,17,16,15,13,11,9] [SAFE] 19
174 ) [47,47,44,43,40,38,36,39] [X] 19
175 ) [36,36,35,32,29,28,25,25] [X] 19
176 ) [64,64,62,59,56,52] [X] 19
177 ) [99,99,96,94,92,90,84] [X] 19
178 ) [55,55,53,52,51,48,49,46] [X] 19
179 ) [32,32,29,32,34] [X] 19
180 ) [94,94,91,89,86,83,85,85] [X] 19
181 ) [61,61,59,60,56] [X] 19
182 ) [49,49,48,50,43] [X] 19
183 ) [8,8,5,5,2] [X] 19
184 ) [47,47,47,45,48] [X] 19
185 ) [27,27,24,22,20,20,19,19] [X] 19
186 ) [99,99,96,93,91,91,90,86] [X] 19
187 ) [24,24,23,20,20,18,16,10] [X] 19
188 ) [15,15,11,8,6,4,3] [X] 19
189 ) [72,72,68,65,64,63,65] [X] 19
190 ) [90,90,88,84,83,80,80] [X] 19
191 ) [85,85,83,82,80,76,72] [X] 19
192 ) [66,66,62,59,52] [X] 19
193 ) [74,74,71,68,63,62,60,57] [X] 19
194 ) [72,72,71,65,63,60,57,58] [X] 19
195 ) [68,68,67,64,61,54,54] [X] 19
196 ) [94,94,91,86,84,82,78] [X] 19
197 ) [57,57,56,53,48,43] [X] 19
198 ) [94,90,89,86,83] [SAFE] 20
199 ) [97,93,90,88,87,85,87] [X] 20
200 ) [35,31,30,29,27,27] [X] 20
201 ) [72,68,66,64,60] [X] 20
202 ) [71,67,65,64,61,54] [X] 20
203 ) [86,82,85,84,81,78] [SAFE] 21
204 ) [35,31,32,30,32] [X] 21
205 ) [28,24,23,22,23,21,21] [X] 21
206 ) [13,9,8,7,9,6,2] [X] 21
207 ) [81,77,74,72,75,69] [X] 21
208 ) [75,71,69,69,66,65,62,59] [X] 21
209 ) [28,24,22,22,20,19,17,20] [X] 21
210 ) [37,33,30,29,27,27,27] [X] 21
211 ) [43,39,38,38,35,31] [X] 21
212 ) [47,43,43,40,35] [X] 21
213 ) [22,18,15,11,8] [X] 21
214 ) [45,41,40,36,39] [X] 21
215 ) [68,64,63,59,57,56,55,55] [X] 21
216 ) [36,32,29,27,23,20,16] [X] 21
217 ) [64,60,57,53,51,49,46,40] [X] 21
218 ) [90,86,85,82,80,77,71,69] [X] 21
219 ) [25,21,18,15,13,8,10] [X] 21
220 ) [33,29,26,25,24,21,16,16] [X] 21
221 ) [89,85,84,83,82,77,74,70] [X] 21
222 ) [83,79,76,75,72,71,66,59] [X] 21
223 ) [51,44,43,40,38,35,32] [SAFE] 22
224 ) [37,30,28,26,23,20,23] [X] 22
225 ) [79,72,71,68,66,63,61,61] [X] 22
226 ) [51,46,45,44,41,39,36,32] [X] 22
227 ) [80,74,71,68,65,62,60,53] [X] 22
228 ) [92,85,88,85,84,82] [X] 22
229 ) [34,27,25,27,26,24,27] [X] 22
230 ) [69,64,62,64,62,59,59] [X] 22
231 ) [31,24,21,20,18,19,15] [X] 22
232 ) [79,73,70,72,70,63] [X] 22
233 ) [36,31,31,28,26,24] [X] 22
234 ) [23,18,17,17,15,18] [X] 22
235 ) [27,20,18,15,15,15] [X] 22
236 ) [30,24,24,22,18] [X] 22
237 ) [56,49,46,46,44,39] [X] 22
238 ) [28,21,20,19,15,14,13] [X] 22
239 ) [38,33,30,26,23,20,18,21] [X] 22
240 ) [54,48,47,44,42,38,38] [X] 22
241 ) [50,43,39,38,37,35,34,30] [X] 22
242 ) [93,86,84,82,78,76,70] [X] 22
243 ) [60,54,47,46,44] [X] 22
244 ) [49,42,40,37,36,31,30,32] [X] 22
245 ) [23,17,15,14,8,5,5] [X] 22
246 ) [97,92,91,90,84,83,79] [X] 22
247 ) [81,75,74,71,65,58] [X] 22
248 ) [24,27,22,21,19,17,15,14] [SAFE] 23
249 ) [62,59,57,56,53,53] [SAFE] 24
250 ) [88,84,83,80,78,75,73,73] [X] 24
251 ) [33,36,36,33,30,26] [X] 24
252 ) [66,63,66,68,69,67,70,73] [X] 24
253 ) [70,74,75,75,78,81,81] [X] 24
254 ) [76,72,69,72,70,69,70] [X] 24
255 ) [30,30,28,27,23,21,16] [X] 24
256 ) [80,78,78,76,74,76] [X] 24
257 ) [8,5,6,8,14,16] [X] 24
258 ) [86,87,90,92,96,97,94] [X] 24
259 ) [26,24,22,18,20] [SAFE] 25
260 ) [23,17,17,16,13,13] [X] 25
261 ) [78,74,74,71,68,65,61] [X] 25
262 ) [51,52,52,53,54,60] [X] 25
263 ) [75,70,69,71,71] [X] 25
264 ) [32,36,36,37,39,43] [X] 25
265 ) [73,71,74,76,73,76,78,76] [X] 25
266 ) [79,79,78,76,78,75,73,73] [X] 25
267 ) [68,67,68,66,69,70,70] [X] 25
268 ) [57,63,66,71,71] [X] 25
269 ) [83,76,74,72,69,64,62,58] [X] 25
270 ) [45,50,48,50,51,48] [X] 25
271 ) [53,50,52,56,58,61,59] [X] 25
272 ) [31,30,28,28,24] [X] 25
273 ) [91,87,84,81,77,76,76] [X] 25
274 ) [91,87,86,83,82,84,81,74] [X] 25
275 ) [32,33,31,28,27,25,19,15] [X] 25
276 ) [25,31,33,35,37,40] [SAFE] 26
277 ) [16,19,21,24,25,27,30,34] [SAFE] 27
278 ) [41,37,30,27,27] [X] 27
279 ) [57,56,63,64,64] [X] 27
280 ) [85,88,91,88,86,85,78] [X] 27
281 ) [72,76,76,79,82,83,86,89] [X] 27
282 ) [4,7,9,12,12,15,16] [SAFE] 28
283 ) [58,58,60,62,63,65,67,67] [X] 28
284 ) [48,55,58,61,65] [X] 28
285 ) [76,76,79,77,78,78] [X] 28
286 ) [50,50,53,54,55,61,68] [X] 28
287 ) [53,54,53,54,54] [X] 28
288 ) [73,71,71,73,77] [X] 28
289 ) [41,43,43,42,36] [X] 28
290 ) [72,72,69,69,68,67,65,65] [X] 28
291 ) [25,22,20,20,18,16,14,8] [X] 28
292 ) [24,17,14,13,12,7,7] [X] 28
293 ) [91,90,91,92,92,93] [X] 28
294 ) [5,8,10,11,16,17,20,20] [X] 28
295 ) [7,9,13,16,17,18,23] [X] 28
296 ) [6,4,6,7,8,7,11] [X] 28
297 ) [73,66,64,63,62,64] [X] 28
298 ) [70,68,67,64,61,60,63] [SAFE] 29
299 ) [17,16,17,20,24] [X] 29
300 ) [69,73,75,76,80] [X] 29
301 ) [42,38,37,35,37,34,30] [X] 29
302 ) [79,79,78,75,78,75,70] [X] 29
303 ) [36,35,40,43,47] [X] 29
304 ) [45,47,45,43,39,36,36] [X] 29
305 ) [61,65,66,68,69,71,68] [X] 29
306 ) [84,77,77,75,73,72] [X] 29
307 ) [40,39,33,31,27] [X] 29
308 ) [76,72,70,67,63] [X] 29
309 ) [23,19,16,15,14,9,6,9] [X] 29
310 ) [16,17,16,17,21] [X] 29
311 ) [68,68,64,63,61,64] [X] 29
312 ) [77,77,79,82,83,86,87,84] [X] 29
313 ) [41,34,31,27,21] [X] 29
314 ) [90,89,87,85,84,83] [SAFE] 30
315 ) [77,75,73,72,71,70,69,66] [SAFE] 31
316 ) [89,91,93,96,97,99] [SAFE] 32
317 ) [55,52,50,49,48,45,43,40] [SAFE] 33
318 ) [75,74,71,69,67,65] [SAFE] 34
319 ) [74,77,78,79,82,85,87,89] [SAFE] 35
320 ) [75,74,72,70,67,66,63] [SAFE] 36
321 ) [32,29,26,23,20,19,16] [SAFE] 37
322 ) [55,56,57,59,61,62,64] [SAFE] 38
323 ) [68,70,73,74,75,76,79] [SAFE] 39
324 ) [30,29,26,23,22,21,19] [SAFE] 40
325 ) [52,51,48,47,45] [SAFE] 41
326 ) [50,52,55,57,58,60,63] [SAFE] 42
327 ) [59,60,63,64,66,68] [SAFE] 43
328 ) [83,82,79,76,74,72,70] [SAFE] 44
329 ) [23,21,18,17,14,12] [SAFE] 45
330 ) [32,33,35,38,39,42,45] [SAFE] 46
331 ) [89,88,86,84,81,78,77,76] [SAFE] 47
332 ) [51,53,54,57,60,61,62,64] [SAFE] 48
333 ) [19,18,15,12,10,8,6] [SAFE] 49
334 ) [45,44,41,38,37,35,34] [SAFE] 50
335 ) [60,57,55,54,53,52,51] [SAFE] 51
336 ) [55,57,58,60,63,66,67,69] [SAFE] 52
337 ) [34,31,28,25,24,21,20] [SAFE] 53
338 ) [32,29,27,24,22,21,18] [SAFE] 54
339 ) [30,28,25,22,19,16] [SAFE] 55
340 ) [72,69,68,67,64,62] [SAFE] 56
341 ) [37,39,42,45,48] [SAFE] 57
342 ) [62,65,67,70,73] [SAFE] 58
343 ) [68,71,73,76,79,80,83,84] [SAFE] 59
344 ) [73,70,68,65,63,62,59,56] [SAFE] 60
345 ) [58,55,53,51,49] [SAFE] 61
346 ) [74,75,76,79,82,85] [SAFE] 62
347 ) [83,84,85,86,87,89,90] [SAFE] 63
348 ) [88,91,94,95,98] [SAFE] 64
349 ) [10,13,15,18,19] [SAFE] 65
350 ) [84,82,79,78,77,75,74,71] [SAFE] 66
351 ) [27,30,33,35,37,40] [SAFE] 67
352 ) [59,56,55,52,49] [SAFE] 68
353 ) [63,62,61,58,55,52,49] [SAFE] 69
354 ) [93,90,89,87,86,85] [SAFE] 70
355 ) [1,2,5,8,11] [SAFE] 71
356 ) [51,49,46,44,42,41,39] [SAFE] 72
357 ) [64,65,66,69,72,75,76] [SAFE] 73
358 ) [92,91,89,88,85,83,80] [SAFE] 74
359 ) [78,79,80,81,84] [SAFE] 75
360 ) [40,39,36,34,32,31,30] [SAFE] 76
361 ) [95,92,91,89,88,87,86,85] [SAFE] 77
362 ) [66,67,70,72,74,75,76,78] [SAFE] 78
363 ) [45,48,49,51,54] [SAFE] 79
364 ) [11,10,7,5,2] [SAFE] 80
365 ) [80,79,76,75,73,70,68] [SAFE] 81
366 ) [33,31,28,26,24,21,18] [SAFE] 82
367 ) [3,4,7,10,13] [SAFE] 83
368 ) [83,85,87,90,93,94,95] [SAFE] 84
369 ) [31,32,33,35,37,38,41,42] [SAFE] 85
370 ) [50,49,48,47,45,43,41] [SAFE] 86
371 ) [28,29,32,34,37,39] [SAFE] 87
372 ) [77,79,81,83,85,86,89,91] [SAFE] 88
373 ) [69,71,73,74,75,76,78,81] [SAFE] 89
374 ) [41,38,37,36,34,32,30,28] [SAFE] 90
375 ) [86,85,84,81,80,79,77] [SAFE] 91
376 ) [60,57,56,53,51] [SAFE] 92
377 ) [65,67,69,71,74,75] [SAFE] 93
378 ) [85,86,88,91,93,95,97] [SAFE] 94
379 ) [24,21,19,18,16,13] [SAFE] 95
380 ) [17,18,21,22,24,27,30,32] [SAFE] 96
381 ) [77,79,80,81,82,83] [SAFE] 97
382 ) [19,20,22,24,26,27,30] [SAFE] 98
383 ) [93,92,90,87,86,84,82] [SAFE] 99
384 ) [84,86,88,91,94] [SAFE] 100
385 ) [54,55,58,61,62] [SAFE] 101
386 ) [70,67,64,62,60,57] [SAFE] 102
387 ) [27,30,33,34,35,37,40] [SAFE] 103
388 ) [84,82,80,79,78] [SAFE] 104
389 ) [97,95,92,90,88,85,82] [SAFE] 105
390 ) [48,47,46,44,42,39,38] [SAFE] 106
391 ) [72,69,68,65,63,61] [SAFE] 107
392 ) [67,65,64,63,60,59] [SAFE] 108
393 ) [85,83,82,80,79] [SAFE] 109
394 ) [62,61,58,55,52] [SAFE] 110
395 ) [29,30,33,36,38,41] [SAFE] 111
396 ) [74,75,78,79,81,82,83,86] [SAFE] 112
397 ) [52,54,57,60,63] [SAFE] 113
398 ) [32,34,37,38,41,42,45,46] [SAFE] 114
399 ) [14,15,18,20,22,25] [SAFE] 115
400 ) [86,88,91,94,96,98,99] [SAFE] 116
401 ) [31,32,35,37,40,42,43,44] [SAFE] 117
402 ) [3,4,7,10,13,15,16,17] [SAFE] 118
403 ) [37,35,32,31,29,28,26,23] [SAFE] 119
404 ) [56,54,52,50,49,48,47,45] [SAFE] 120
405 ) [57,60,62,64,66,68,69,72] [SAFE] 121
406 ) [16,13,10,7,5] [SAFE] 122
407 ) [85,88,89,91,94,95] [SAFE] 123
408 ) [42,40,37,36,33,31,28] [SAFE] 124
409 ) [33,34,36,39,42,43] [SAFE] 125
410 ) [60,57,55,53,52,51,50] [SAFE] 126
411 ) [42,44,46,47,49] [SAFE] 127
412 ) [19,16,15,14,12,9] [SAFE] 128
413 ) [92,94,96,98,99] [SAFE] 129
414 ) [73,71,68,66,64,63,60] [SAFE] 130
415 ) [34,33,32,31,28,25] [SAFE] 131
416 ) [91,89,87,86,83,81,78] [SAFE] 132
417 ) [7,8,11,13,16] [SAFE] 133
418 ) [26,25,22,21,20,19,16] [SAFE] 134
419 ) [32,34,36,37,40,42,45] [SAFE] 135
420 ) [73,70,67,66,65,63] [SAFE] 136
421 ) [84,83,81,79,76,74] [SAFE] 137
422 ) [48,49,51,52,53,55] [SAFE] 138
423 ) [53,55,56,58,59,60,62] [SAFE] 139
424 ) [52,54,56,59,60,62] [SAFE] 140
425 ) [66,65,62,61,58,55,52] [SAFE] 141
426 ) [83,86,87,88,91] [SAFE] 142
427 ) [49,52,54,55,57,60,62,63] [SAFE] 143
428 ) [46,48,49,50,51,53,55] [SAFE] 144
429 ) [40,41,42,43,45,48] [SAFE] 145
430 ) [51,54,57,59,61,62] [SAFE] 146
431 ) [84,85,86,87,89,92,93] [SAFE] 147
432 ) [8,6,5,3,1] [SAFE] 148
433 ) [81,78,76,73,70] [SAFE] 149
434 ) [69,68,65,62,61,59,58,57] [SAFE] 150
435 ) [58,55,52,51,49,46] [SAFE] 151
436 ) [61,63,65,66,68] [SAFE] 152
437 ) [16,17,19,22,23] [SAFE] 153
438 ) [22,20,18,17,16,15,14,12] [SAFE] 154
439 ) [27,24,22,19,17] [SAFE] 155
440 ) [94,93,90,89,88,85,83,81] [SAFE] 156
441 ) [42,41,38,35,34,32] [SAFE] 157
442 ) [39,36,33,32,30,28] [SAFE] 158
443 ) [17,18,20,21,24,26,29] [SAFE] 159
444 ) [37,38,39,40,41,44,46,49] [SAFE] 160
445 ) [61,63,66,68,71,73,74] [SAFE] 161
446 ) [83,85,88,90,91,92,95] [SAFE] 162
447 ) [31,34,35,38,39,40] [SAFE] 163
448 ) [17,14,11,8,6,5,3] [SAFE] 164
449 ) [69,71,73,75,77,78] [SAFE] 165
450 ) [64,67,70,73,74,75] [SAFE] 166
451 ) [15,16,18,20,22,24,26,29] [SAFE] 167
452 ) [24,27,28,31,34,36] [SAFE] 168
453 ) [74,75,76,77,78,79,82,83] [SAFE] 169
454 ) [29,30,32,35,38,41,42,45] [SAFE] 170
455 ) [60,58,56,53,50,48] [SAFE] 171
456 ) [27,24,22,20,19] [SAFE] 172
457 ) [47,45,42,40,38,37] [SAFE] 173
458 ) [60,57,55,53,51] [SAFE] 174
459 ) [67,66,63,62,59,57] [SAFE] 175
460 ) [48,49,50,52,53] [SAFE] 176
461 ) [69,71,74,77,80,82,85,86] [SAFE] 177
462 ) [62,65,66,68,69] [SAFE] 178
463 ) [82,85,88,91,92] [SAFE] 179
464 ) [44,46,48,51,52,53] [SAFE] 180
465 ) [96,94,92,89,86,83] [SAFE] 181
466 ) [44,46,49,51,52] [SAFE] 182
467 ) [76,77,79,80,81] [SAFE] 183
468 ) [78,75,74,73,72,71,68,65] [SAFE] 184
469 ) [32,33,34,35,36,37] [SAFE] 185
470 ) [49,51,54,56,59,61,62] [SAFE] 186
471 ) [63,65,67,69,70,72,73,76] [SAFE] 187
472 ) [65,62,59,56,55] [SAFE] 188
473 ) [68,66,65,64,62,60] [SAFE] 189
474 ) [67,65,63,61,59,56] [SAFE] 190
475 ) [85,84,81,78,75,74,72,70] [SAFE] 191
476 ) [84,81,80,79,76] [SAFE] 192
477 ) [55,54,52,51,50,47,45] [SAFE] 193
478 ) [33,31,28,27,25,24,22] [SAFE] 194
479 ) [16,19,22,25,28] [SAFE] 195
480 ) [76,77,80,81,84,86] [SAFE] 196
481 ) [58,55,53,50,47] [SAFE] 197
482 ) [97,95,92,89,87,84,82,79] [SAFE] 198
483 ) [42,43,45,47,50,51,54] [SAFE] 199
484 ) [27,28,29,30,33,35,38,41] [SAFE] 200
485 ) [21,20,17,15,14,13,12] [SAFE] 201
486 ) [32,34,37,38,41,44,46] [SAFE] 202
487 ) [31,32,33,34,35,36,39,40] [SAFE] 203
488 ) [36,39,42,45,47] [SAFE] 204
489 ) [62,65,67,69,71,72,74,75] [SAFE] 205
490 ) [98,97,96,93,91] [SAFE] 206
491 ) [64,63,60,57,55,52,50,49] [SAFE] 207
492 ) [53,54,55,58,61,63,66] [SAFE] 208
493 ) [92,91,90,88,85] [SAFE] 209
494 ) [71,73,75,76,77] [SAFE] 210
495 ) [79,82,85,87,89,92] [SAFE] 211
496 ) [64,62,59,57,54,53,51] [SAFE] 212
497 ) [80,82,84,86,87,90] [SAFE] 213
498 ) [22,24,27,28,30,33] [SAFE] 214
499 ) [55,56,57,60,62,64,67] [SAFE] 215
500 ) [59,61,64,66,67,70,73] [SAFE] 216
501 ) [8,10,13,15,17,19,22,25] [SAFE] 217
502 ) [41,44,47,48,51] [SAFE] 218
503 ) [25,27,29,30,32,33,34,36] [SAFE] 219
504 ) [63,60,58,56,55,53,51,50] [SAFE] 220
505 ) [45,48,50,53,54,56] [SAFE] 221
506 ) [3,5,8,11,13,15,18] [SAFE] 222
507 ) [30,33,34,35,37] [SAFE] 223
508 ) [73,71,69,68,67,64,62,60] [SAFE] 224
509 ) [89,88,87,84,82] [SAFE] 225
510 ) [45,43,40,38,36,34,33] [SAFE] 226
511 ) [52,54,55,56,58,60,62,63] [SAFE] 227
512 ) [56,59,61,64,65,68,70] [SAFE] 228
513 ) [53,52,51,49,48,47] [SAFE] 229
514 ) [55,57,59,60,63,66] [SAFE] 230
515 ) [90,91,93,95,97] [SAFE] 231
516 ) [62,65,66,68,70,71,74,77] [SAFE] 232
517 ) [17,15,13,10,7,5,3] [SAFE] 233
518 ) [57,56,55,54,52,49] [SAFE] 234
519 ) [60,57,56,54,53,52,50,47] [SAFE] 235
520 ) [71,73,75,77,78,81] [SAFE] 236
521 ) [49,47,46,45,44,41,40] [SAFE] 237
522 ) [47,46,45,44,43,40,38] [SAFE] 238
523 ) [7,9,11,13,16,17,20] [SAFE] 239
524 ) [12,10,9,6,3] [SAFE] 240
525 ) [21,19,16,14,13,12,11] [SAFE] 241
526 ) [23,26,28,30,31] [SAFE] 242
527 ) [81,79,76,74,73,71] [SAFE] 243
528 ) [56,59,61,63,65,68,71,74] [SAFE] 244
529 ) [2,3,4,7,8,11] [SAFE] 245
530 ) [38,40,43,45,48,50] [SAFE] 246
531 ) [26,24,22,21,20,17] [SAFE] 247
532 ) [71,73,74,75,78] [SAFE] 248
533 ) [78,76,74,71,68,65] [SAFE] 249
534 ) [85,86,87,89,91,93,96] [SAFE] 250
535 ) [59,62,64,67,69] [SAFE] 251
536 ) [16,17,20,22,25] [SAFE] 252
537 ) [91,88,86,83,82,79,76] [SAFE] 253
538 ) [44,47,49,52,53,55,58,59] [SAFE] 254
539 ) [12,11,9,8,5,3,2] [SAFE] 255
540 ) [86,87,90,92,95] [SAFE] 256
541 ) [80,81,82,83,86,87,89] [SAFE] 257
542 ) [28,30,33,35,38,40,43] [SAFE] 258
543 ) [90,88,86,84,82,79,78,75] [SAFE] 259
544 ) [95,93,91,90,87] [SAFE] 260
545 ) [15,17,19,20,21,22,23,24] [SAFE] 261
546 ) [72,71,70,68,67] [SAFE] 262
547 ) [4,6,7,8,9,10,11,12] [SAFE] 263
548 ) [58,60,63,64,65,66] [SAFE] 264
549 ) [80,83,86,88,89,90,91] [SAFE] 265
550 ) [53,55,56,57,58,61,62] [SAFE] 266
551 ) [44,41,39,37,35] [SAFE] 267
552 ) [71,73,74,76,77,78] [SAFE] 268
553 ) [18,16,14,12,10,8] [SAFE] 269
554 ) [5,8,10,13,15] [SAFE] 270
555 ) [74,77,79,81,83] [SAFE] 271
556 ) [35,33,30,28,26] [SAFE] 272
557 ) [60,58,57,55,53,52,50,48] [SAFE] 273
558 ) [12,10,7,6,3,1] [SAFE] 274
559 ) [76,75,73,70,69,68] [SAFE] 275
560 ) [50,53,54,56,58,60,63] [SAFE] 276
561 ) [38,36,33,31,28,27,26,23] [SAFE] 277
562 ) [48,51,53,56,59,61] [SAFE] 278
563 ) [75,72,71,68,67,64] [SAFE] 279
564 ) [27,25,22,20,17,16] [SAFE] 280
565 ) [42,44,45,46,48,49] [SAFE] 281
566 ) [89,87,86,83,82,80,77,76] [SAFE] 282
567 ) [97,96,93,91,89,86,84,83] [SAFE] 283
568 ) [63,61,58,56,53,52] [SAFE] 284
569 ) [28,27,25,22,19] [SAFE] 285
570 ) [82,80,78,77,74] [SAFE] 286
571 ) [96,93,90,87,84,82,79] [SAFE] 287
572 ) [46,49,51,53,56,58,61] [SAFE] 288
573 ) [69,67,65,64,61] [SAFE] 289
574 ) [59,58,56,54,51,50,49,47] [SAFE] 290
575 ) [98,95,94,92,89,87] [SAFE] 291
576 ) [59,58,57,54,52,50] [SAFE] 292
577 ) [71,72,74,77,78,81] [SAFE] 293
578 ) [19,18,17,14,12,11] [SAFE] 294
579 ) [81,80,79,76,74,72,71,69] [SAFE] 295
580 ) [44,46,47,48,50,51] [SAFE] 296
581 ) [1,2,5,8,9,12,13] [SAFE] 297
582 ) [77,79,82,85,88,89,92,95] [SAFE] 298
583 ) [69,71,73,76,77] [SAFE] 299
584 ) [75,77,79,81,84,85,86,89] [SAFE] 300
585 ) [4,6,8,9,11,12,15,18] [SAFE] 301
586 ) [65,63,62,61,60,59,58] [SAFE] 302
587 ) [79,77,76,73,71] [SAFE] 303
588 ) [59,57,56,55,53,51,49] [SAFE] 304
589 ) [45,47,50,51,54] [SAFE] 305
590 ) [28,25,23,20,19,18,17] [SAFE] 306
591 ) [46,43,41,38,35] [SAFE] 307
592 ) [65,66,68,70,71] [SAFE] 308
593 ) [81,80,79,77,75,73] [SAFE] 309
594 ) [82,84,85,86,89,90,93,95] [SAFE] 310
595 ) [52,53,56,58,59] [SAFE] 311
596 ) [26,25,22,20,19,17] [SAFE] 312
597 ) [81,82,84,86,87,88,91] [SAFE] 313
598 ) [61,60,57,55,53] [SAFE] 314
599 ) [56,58,61,63,65] [SAFE] 315
600 ) [74,72,70,68,67] [SAFE] 316
601 ) [35,34,31,28,27,24,23] [SAFE] 317
602 ) [65,63,61,60,59] [SAFE] 318
603 ) [88,89,90,92,94] [SAFE] 319
604 ) [19,18,17,14,11,10,9,6] [SAFE] 320
605 ) [59,60,62,63,65,66,68] [SAFE] 321
606 ) [66,64,63,62,60,59] [SAFE] 322
607 ) [39,40,42,43,44] [SAFE] 323
608 ) [52,49,48,47,46,45,43,40] [SAFE] 324
609 ) [40,42,44,45,46,49,50,53] [SAFE] 325
610 ) [49,51,53,56,58] [SAFE] 326
611 ) [68,65,64,62,61,59] [SAFE] 327
612 ) [72,73,76,77,80] [SAFE] 328
613 ) [31,30,28,26,23,21,19] [SAFE] 329
614 ) [8,9,11,14,15,18,20,23] [SAFE] 330
615 ) [2,5,7,8,11] [SAFE] 331
616 ) [61,62,64,65,68,71,73,74] [SAFE] 332
617 ) [51,54,56,57,58,59,60,63] [SAFE] 333
618 ) [19,16,14,12,10,9] [SAFE] 334
619 ) [85,82,80,78,77,74,73,70] [SAFE] 335
620 ) [88,89,90,91,92,93] [SAFE] 336
621 ) [37,38,39,42,45,46,48,50] [SAFE] 337
622 ) [26,27,28,30,31,34] [SAFE] 338
623 ) [32,35,38,40,41,43] [SAFE] 339
624 ) [37,38,40,41,44] [SAFE] 340
625 ) [47,48,49,51,52,53,54] [SAFE] 341
626 ) [26,23,22,20,19] [SAFE] 342
627 ) [99,97,96,93,92,89,86,83] [SAFE] 343
628 ) [22,20,17,14,13] [SAFE] 344
629 ) [9,12,13,14,16] [SAFE] 345
630 ) [26,24,22,21,20] [SAFE] 346
631 ) [75,78,81,82,83,84,87,89] [SAFE] 347
632 ) [29,28,25,24,23,22] [SAFE] 348
633 ) [98,95,92,89,88,85,82,81] [SAFE] 349
634 ) [54,56,58,59,60,61] [SAFE] 350
635 ) [67,68,70,72,74,75,76,78] [SAFE] 351
636 ) [48,46,45,42,41,40,37] [SAFE] 352
637 ) [27,29,32,34,35] [SAFE] 353
638 ) [38,40,42,43,44,47,49,50] [SAFE] 354
639 ) [59,60,63,64,66] [SAFE] 355
640 ) [76,77,78,79,82,84,85,88] [SAFE] 356
641 ) [47,48,50,51,53,55,57,60] [SAFE] 357
642 ) [5,6,7,10,13,15,17] [SAFE] 358
643 ) [83,81,80,79,76,74,73,71] [SAFE] 359
644 ) [3,5,8,10,13,14,17,18] [SAFE] 360
645 ) [37,36,33,32,31,30] [SAFE] 361
646 ) [70,67,66,64,62] [SAFE] 362
647 ) [43,42,40,38,37,35,34,32] [SAFE] 363
648 ) [18,20,21,24,25,28,30,33] [SAFE] 364
649 ) [99,97,94,91,89,88,86,85] [SAFE] 365
650 ) [64,66,68,70,73,74,77] [SAFE] 366
651 ) [24,27,28,29,31,32] [SAFE] 367
652 ) [22,25,27,30,33] [SAFE] 368
653 ) [42,45,48,51,53,56,59,62] [SAFE] 369
654 ) [87,88,90,93,94,95,97] [SAFE] 370
655 ) [42,41,39,36,33,30] [SAFE] 371
656 ) [83,84,87,90,93] [SAFE] 372
657 ) [17,20,23,24,27,28,31,34] [SAFE] 373
658 ) [15,17,19,22,25] [SAFE] 374
659 ) [82,85,86,87,88,89,90] [SAFE] 375
660 ) [1,2,5,7,8,11] [SAFE] 376
661 ) [39,38,36,34,33] [SAFE] 377
662 ) [23,26,28,29,31,34,36] [SAFE] 378
663 ) [58,59,60,61,62,65] [SAFE] 379
664 ) [19,20,21,22,24,26,28] [SAFE] 380
665 ) [85,87,88,91,92,94,97] [SAFE] 381
666 ) [96,93,90,89,88,85] [SAFE] 382
667 ) [84,87,89,90,92] [SAFE] 383
668 ) [21,23,26,28,29,31] [SAFE] 384
669 ) [51,53,54,57,59,60] [SAFE] 385
670 ) [49,46,43,41,39,36,33] [SAFE] 386
671 ) [75,74,71,70,69,67] [SAFE] 387
672 ) [59,62,63,65,66,68,71] [SAFE] 388
673 ) [50,49,48,46,43,40,38,37] [SAFE] 389
674 ) [79,82,85,88,90,92] [SAFE] 390
675 ) [74,72,71,69,66,63,61] [SAFE] 391
676 ) [38,39,40,42,43,46,48] [SAFE] 392
677 ) [17,19,20,22,24,27,28,29] [SAFE] 393
678 ) [46,48,49,51,52,53] [SAFE] 394
679 ) [61,58,56,55,54,52,49,47] [SAFE] 395
680 ) [12,11,10,9,6] [SAFE] 396
681 ) [74,76,77,80,81,82,85] [SAFE] 397
682 ) [24,21,20,18,15,13] [SAFE] 398
683 ) [44,45,48,49,52,55,56,57] [SAFE] 399
684 ) [29,31,34,37,39,41,42] [SAFE] 400
685 ) [95,94,92,89,87,86,83,81] [SAFE] 401
686 ) [36,39,40,42,44,45] [SAFE] 402
687 ) [63,64,66,69,71,74] [SAFE] 403
688 ) [75,76,78,81,82] [SAFE] 404
689 ) [45,44,42,39,38,35,34,33] [SAFE] 405
690 ) [37,38,41,44,47] [SAFE] 406
691 ) [86,89,92,93,95,98] [SAFE] 407
692 ) [72,74,76,77,78,81] [SAFE] 408
693 ) [48,45,42,39,38] [SAFE] 409
694 ) [11,12,14,17,19,21,23] [SAFE] 410
695 ) [28,27,24,21,20,19] [SAFE] 411
696 ) [65,66,69,71,73,75] [SAFE] 412
697 ) [48,45,42,39,36] [SAFE] 413
698 ) [23,21,18,16,14,13,12,11] [SAFE] 414
699 ) [87,84,81,80,79,76,75] [SAFE] 415
700 ) [30,32,34,36,37] [SAFE] 416
701 ) [77,79,82,83,86,88,91,93] [SAFE] 417
702 ) [86,88,90,92,93,95,97] [SAFE] 418
703 ) [7,9,10,11,13,14,15,16] [SAFE] 419
704 ) [84,85,87,88,90,93,94] [SAFE] 420
705 ) [71,69,67,65,63,62,60] [SAFE] 421
706 ) [44,42,39,37,36,33,30] [SAFE] 422
707 ) [72,74,77,80,82,83,86] [SAFE] 423
708 ) [79,76,73,70,67,66,63,62] [SAFE] 424
709 ) [79,78,75,73,72] [SAFE] 425
710 ) [48,47,45,44,42,39] [SAFE] 426
711 ) [19,18,15,14,13,12,11] [SAFE] 427
712 ) [67,64,62,59,57,54,52,50] [SAFE] 428
713 ) [62,60,58,57,55,54] [SAFE] 429
714 ) [31,30,28,25,23,20,19,17] [SAFE] 430
715 ) [65,64,62,61,60,57] [SAFE] 431
716 ) [50,53,54,57,59,61,64] [SAFE] 432
717 ) [30,28,25,22,19,16,13] [SAFE] 433
718 ) [14,15,18,19,20,22,24] [SAFE] 434
719 ) [28,30,33,34,36,39,40,42] [SAFE] 435
720 ) [50,53,56,57,60,61] [SAFE] 436
721 ) [37,35,33,31,28] [SAFE] 437
722 ) [51,53,55,56,57,60,63,65] [SAFE] 438
723 ) [44,42,41,39,37,34,33] [SAFE] 439
724 ) [31,29,27,24,21,20,19,18] [SAFE] 440
725 ) [76,75,74,72,71,69,68,66] [SAFE] 441
726 ) [63,64,66,67,69,70,71] [SAFE] 442
727 ) [81,78,77,75,73] [SAFE] 443
728 ) [78,80,83,85,86] [SAFE] 444
729 ) [79,82,84,87,89,91,94,95] [SAFE] 445
730 ) [60,62,64,67,69,71] [SAFE] 446
731 ) [33,35,37,40,41,42,43,46] [SAFE] 447
732 ) [87,88,91,92,94,95,96,99] [SAFE] 448
733 ) [1,4,5,6,7,10] [SAFE] 449
734 ) [84,86,89,91,92] [SAFE] 450
735 ) [18,21,23,24,27] [SAFE] 451
736 ) [40,39,38,35,32] [SAFE] 452
737 ) [40,41,42,43,44,47,50] [SAFE] 453
738 ) [16,14,12,11,8,6,5] [SAFE] 454
739 ) [41,43,46,47,49,52,53] [SAFE] 455
740 ) [42,43,46,49,52,53,56,59] [SAFE] 456
741 ) [72,70,69,66,64,61,59] [SAFE] 457
742 ) [21,19,16,15,12,10] [SAFE] 458
743 ) [54,57,59,60,63,65,67,70] [SAFE] 459
744 ) [60,59,57,54,52,50,48] [SAFE] 460
745 ) [40,37,36,34,32] [SAFE] 461
746 ) [99,98,96,93,90,89,87] [SAFE] 462
747 ) [55,52,51,48,46] [SAFE] 463
748 ) [62,59,58,55,52] [SAFE] 464
749 ) [24,27,30,32,33,36,39,42] [SAFE] 465
750 ) [79,77,75,74,73] [SAFE] 466
751 ) [23,21,18,16,13,12,10,8] [SAFE] 467
752 ) [70,68,67,64,61,58,55] [SAFE] 468
753 ) [20,23,24,25,28] [SAFE] 469
754 ) [42,39,37,35,33] [SAFE] 470
755 ) [93,91,89,87,85,83,81,78] [SAFE] 471
756 ) [41,42,44,45,48,51,54,57] [SAFE] 472
757 ) [77,79,82,85,87,89,92,94] [SAFE] 473
758 ) [65,67,70,71,72] [SAFE] 474
759 ) [24,22,20,17,16] [SAFE] 475
760 ) [66,67,70,72,74,75,76,79] [SAFE] 476
761 ) [71,73,74,75,76,78,80] [SAFE] 477
762 ) [76,78,79,80,83] [SAFE] 478
763 ) [85,84,81,78,76,75] [SAFE] 479
764 ) [65,66,68,69,72,73,74] [SAFE] 480
765 ) [82,85,88,90,92,95] [SAFE] 481
766 ) [71,69,68,67,65,62,60] [SAFE] 482
767 ) [67,68,71,73,74,75] [SAFE] 483
768 ) [76,79,81,83,86] [SAFE] 484
769 ) [79,76,73,70,68,66,64] [SAFE] 485
770 ) [89,88,85,83,81,79,76,74] [SAFE] 486
771 ) [49,51,53,55,56] [SAFE] 487
772 ) [27,29,31,34,35,38,41,44] [SAFE] 488
773 ) [27,24,23,21,20,19,17] [SAFE] 489
774 ) [12,15,17,19,20,22,24] [SAFE] 490
775 ) [67,68,70,72,74] [SAFE] 491
776 ) [80,79,77,74,73,71,70] [SAFE] 492
777 ) [42,45,46,48,51,53] [SAFE] 493
778 ) [29,32,33,36,39,42,43] [SAFE] 494
779 ) [91,88,86,83,80,77] [SAFE] 495
780 ) [33,35,36,37,40] [SAFE] 496
781 ) [44,45,47,50,52] [SAFE] 497
782 ) [27,29,32,34,36,37,38] [SAFE] 498
783 ) [42,45,47,48,49,50] [SAFE] 499
784 ) [28,31,34,36,39] [SAFE] 500
785 ) [46,43,40,38,35,32] [SAFE] 501
786 ) [27,30,33,36,38,40,43] [SAFE] 502
787 ) [65,62,60,58,55] [SAFE] 503
788 ) [72,74,77,78,81,83] [SAFE] 504
789 ) [85,88,91,94,96,98] [SAFE] 505
790 ) [51,48,45,44,42,39,36] [SAFE] 506
791 ) [64,66,68,71,73,74,77] [SAFE] 507
792 ) [96,95,93,92,90,87,86] [SAFE] 508
793 ) [39,42,43,46,47,49] [SAFE] 509
794 ) [72,75,76,79,82,84,87] [SAFE] 510
795 ) [57,55,54,52,50] [SAFE] 511
796 ) [40,43,45,46,47,49] [SAFE] 512
797 ) [60,57,55,52,50,48,46] [SAFE] 513
798 ) [72,69,67,66,63,62,61] [SAFE] 514
799 ) [67,68,69,70,73,75] [SAFE] 515
800 ) [88,85,83,82,80,79,76,74] [SAFE] 516
801 ) [22,19,17,16,13,12,10,8] [SAFE] 517
802 ) [36,38,41,42,45,47,50] [SAFE] 518
803 ) [93,91,88,85,84,81,80,77] [SAFE] 519
804 ) [65,67,70,71,73] [SAFE] 520
805 ) [31,34,37,38,40,42,43] [SAFE] 521
806 ) [2,4,5,6,7,10,12] [SAFE] 522
807 ) [16,15,13,10,8,6,4] [SAFE] 523
808 ) [76,77,80,83,86] [SAFE] 524
809 ) [85,86,87,88,91,94] [SAFE] 525
810 ) [36,33,31,29,26,25,23] [SAFE] 526
811 ) [50,48,47,45,42,39,37,36] [SAFE] 527
812 ) [67,68,71,72,75,77] [SAFE] 528
813 ) [79,76,74,72,69,68,65] [SAFE] 529
814 ) [54,52,49,48,46,44] [SAFE] 530
815 ) [47,48,51,53,55,56] [SAFE] 531
816 ) [74,71,69,68,67,65,63,61] [SAFE] 532
817 ) [24,22,20,17,14,13] [SAFE] 533
818 ) [72,74,77,79,80,83,85] [SAFE] 534
819 ) [28,25,24,23,20,17] [SAFE] 535
820 ) [22,24,26,29,31,34] [SAFE] 536
821 ) [3,4,7,9,10,13,14] [SAFE] 537
822 ) [21,18,17,14,11,10,9,8] [SAFE] 538
823 ) [58,56,55,52,51,49,47] [SAFE] 539
824 ) [20,17,16,14,11,9,7,4] [SAFE] 540
825 ) [34,37,39,40,42,45,46,49] [SAFE] 541
826 ) [52,55,58,60,61,63] [SAFE] 542
827 ) [26,27,29,32,35,37,38,39] [SAFE] 543
828 ) [59,62,65,68,70] [SAFE] 544
829 ) [97,95,94,91,90,89,86] [SAFE] 545
830 ) [72,75,76,78,80,82,84] [SAFE] 546
831 ) [72,69,66,65,63,62,61] [SAFE] 547
832 ) [8,10,12,14,16,18,21,23] [SAFE] 548
833 ) [19,16,15,12,11,10,8,5] [SAFE] 549
834 ) [47,49,52,55,56,59,62] [SAFE] 550
835 ) [63,65,66,69,71,72,74,75] [SAFE] 551
836 ) [68,71,72,74,77,80] [SAFE] 552
837 ) [61,62,64,66,68,70,72] [SAFE] 553
838 ) [14,13,10,8,7] [SAFE] 554
839 ) [25,26,28,30,32] [SAFE] 555
840 ) [68,66,64,63,61,59] [SAFE] 556
841 ) [82,83,86,89,92,95,97] [SAFE] 557
842 ) [86,83,82,80,77,75,73,72] [SAFE] 558
843 ) [68,70,73,74,75] [SAFE] 559
844 ) [23,25,28,29,31,33,35,36] [SAFE] 560
845 ) [24,25,26,29,31,34,37,39] [SAFE] 561
846 ) [71,74,77,80,82] [SAFE] 562
847 ) [83,85,87,89,91,93] [SAFE] 563
848 ) [61,64,66,69,71,73,76,79] [SAFE] 564
849 ) [84,82,80,78,77,75,72,69] [SAFE] 565
850 ) [25,26,29,30,32,34] [SAFE] 566
851 ) [60,63,65,68,71,73,74,75] [SAFE] 567
852 ) [73,70,69,68,67] [SAFE] 568
853 ) [52,55,58,60,62] [SAFE] 569
854 ) [87,89,91,92,94,97] [SAFE] 570
855 ) [23,22,20,17,16,14] [SAFE] 571
856 ) [58,55,52,50,47,46,44,42] [SAFE] 572
857 ) [33,34,36,37,40] [SAFE] 573
858 ) [29,31,33,36,39] [SAFE] 574
859 ) [88,87,86,84,81] [SAFE] 575
860 ) [62,61,58,57,54,53,50] [SAFE] 576
861 ) [11,13,15,17,19,21] [SAFE] 577
862 ) [14,17,19,22,25,27,28,30] [SAFE] 578
863 ) [33,35,37,40,41,42,44] [SAFE] 579
864 ) [53,50,48,45,44,41,39,38] [SAFE] 580
865 ) [17,15,13,10,8,7,4,2] [SAFE] 581
866 ) [94,92,90,89,86,85,83] [SAFE] 582
867 ) [57,56,53,51,50,47] [SAFE] 583
868 ) [77,76,74,71,70] [SAFE] 584
869 ) [3,4,5,6,8] [SAFE] 585
870 ) [87,90,93,94,97,98] [SAFE] 586
871 ) [50,51,53,54,57,59] [SAFE] 587
872 ) [23,22,20,18,17,15,14,12] [SAFE] 588
873 ) [88,87,84,82,80,78] [SAFE] 589
874 ) [55,52,50,48,46] [SAFE] 590
875 ) [86,85,82,81,80,78] [SAFE] 591
876 ) [80,78,75,73,71,70,69,66] [SAFE] 592
877 ) [85,82,80,79,77] [SAFE] 593
878 ) [17,19,21,23,24,27] [SAFE] 594
879 ) [3,4,7,9,12] [SAFE] 595
880 ) [47,50,53,54,55] [SAFE] 596
881 ) [74,73,71,68,66,63] [SAFE] 597
882 ) [78,79,81,82,85,86,89] [SAFE] 598
883 ) [35,37,40,42,45] [SAFE] 599
884 ) [77,78,79,81,84,86,87] [SAFE] 600
885 ) [63,65,67,69,72,74,75] [SAFE] 601
886 ) [85,86,89,92,94] [SAFE] 602
887 ) [61,64,67,70,73,75,77,79] [SAFE] 603
888 ) [39,36,33,32,30,29] [SAFE] 604
889 ) [50,51,53,55,58,59,62,64] [SAFE] 605
890 ) [85,84,82,81,79,78,77] [SAFE] 606
891 ) [10,12,13,16,19,20,22,25] [SAFE] 607
892 ) [84,87,89,92,95] [SAFE] 608
893 ) [38,36,34,31,29,28,25,23] [SAFE] 609
894 ) [74,76,79,81,84,86,89] [SAFE] 610
895 ) [46,47,48,49,51,54,55] [SAFE] 611
896 ) [25,22,20,18,15] [SAFE] 612
897 ) [22,24,26,28,31] [SAFE] 613
898 ) [54,53,50,47,44,41,38,35] [SAFE] 614
899 ) [66,65,64,62,60,58] [SAFE] 615
900 ) [80,77,74,72,69,66,65,62] [SAFE] 616
901 ) [19,22,24,25,27,30] [SAFE] 617
902 ) [7,8,11,14,16,17,18,21] [SAFE] 618
903 ) [46,44,43,40,37] [SAFE] 619
904 ) [55,54,52,49,46] [SAFE] 620
905 ) [68,70,72,73,75,78] [SAFE] 621
906 ) [33,30,27,26,23,21,20,19] [SAFE] 622
907 ) [58,61,62,65,68,70,73,75] [SAFE] 623
908 ) [43,41,40,37,36,33,32,29] [SAFE] 624
909 ) [33,32,30,29,27,26,23] [SAFE] 625
910 ) [25,22,19,17,16] [SAFE] 626
911 ) [84,85,87,88,89,90] [SAFE] 627
912 ) [34,37,40,42,44] [SAFE] 628
913 ) [67,66,63,61,58,55,53,52] [SAFE] 629
914 ) [65,64,63,62,59,57,55,52] [SAFE] 630
915 ) [74,75,76,77,80,81,83,84] [SAFE] 631
916 ) [33,34,36,37,40,43,46,48] [SAFE] 632
917 ) [66,67,68,69,72,73,75] [SAFE] 633
918 ) [86,89,92,93,95,97] [SAFE] 634
919 ) [45,47,50,53,55,57,60] [SAFE] 635
920 ) [66,67,68,70,71,73] [SAFE] 636
921 ) [37,39,40,41,43,44,46] [SAFE] 637
922 ) [65,68,71,73,76] [SAFE] 638
923 ) [77,80,82,83,84,87,88] [SAFE] 639
924 ) [79,77,74,73,70,69,66,64] [SAFE] 640
925 ) [29,28,25,23,22,21,18] [SAFE] 641
926 ) [36,38,40,42,43,45,48] [SAFE] 642
927 ) [26,23,21,18,17] [SAFE] 643
928 ) [90,92,94,97,99] [SAFE] 644
929 ) [62,64,66,68,70,71,74,77] [SAFE] 645
930 ) [85,83,81,80,77,76] [SAFE] 646
931 ) [65,68,70,71,73,74,75] [SAFE] 647
932 ) [85,83,80,78,77,76] [SAFE] 648
933 ) [68,67,65,62,59,57] [SAFE] 649
934 ) [38,40,43,45,46,47,49] [SAFE] 650
935 ) [48,50,52,54,55,56,59,61] [SAFE] 651
936 ) [64,63,62,59,58,56,54] [SAFE] 652
937 ) [25,27,29,32,35,38] [SAFE] 653
938 ) [37,40,41,42,43,45,48,49] [SAFE] 654
939 ) [64,63,61,58,56,53,50] [SAFE] 655
940 ) [26,25,22,21,18,15,13,10] [SAFE] 656
941 ) [53,54,55,57,60] [SAFE] 657
942 ) [42,39,36,34,31,30] [SAFE] 658
943 ) [24,25,27,30,32] [SAFE] 659
944 ) [80,79,78,76,73,70,68] [SAFE] 660
945 ) [18,20,23,26,27,29] [SAFE] 661
946 ) [23,20,19,18,15] [SAFE] 662
947 ) [72,74,76,77,78,79,81,82] [SAFE] 663
948 ) [30,28,27,25,22] [SAFE] 664
949 ) [66,65,62,59,58,57,56] [SAFE] 665
950 ) [59,57,55,54,52,51,49,48] [SAFE] 666
951 ) [74,75,76,77,79,82,85,86] [SAFE] 667
952 ) [33,30,28,27,24,23,22] [SAFE] 668
953 ) [26,25,22,21,19] [SAFE] 669
954 ) [70,71,74,76,77,79,82,85] [SAFE] 670
955 ) [21,19,18,15,13,10,9] [SAFE] 671
956 ) [82,80,77,76,75,72,70,67] [SAFE] 672
957 ) [90,88,86,84,81,79,77,74] [SAFE] 673
958 ) [9,12,15,16,17] [SAFE] 674
959 ) [85,87,88,89,92,93,94,97] [SAFE] 675
960 ) [63,60,57,54,53,52] [SAFE] 676
961 ) [90,89,86,85,82,81,78] [SAFE] 677
962 ) [45,46,48,51,54,56,59,62] [SAFE] 678
963 ) [96,93,90,89,88,86,83] [SAFE] 679
964 ) [38,37,35,32,31,30] [SAFE] 680
965 ) [83,86,87,88,91,93] [SAFE] 681
966 ) [35,36,39,42,43,45,46] [SAFE] 682
967 ) [32,35,38,39,42,44,46] [SAFE] 683
968 ) [27,30,31,33,34,36] [SAFE] 684
969 ) [50,53,55,58,61,64,65,66] [SAFE] 685
970 ) [98,95,93,92,91,90,88,85] [SAFE] 686
971 ) [6,7,10,13,15,16,19,22] [SAFE] 687
972 ) [15,18,20,21,24,27] [SAFE] 688
973 ) [87,85,84,83,81,80,78] [SAFE] 689
974 ) [11,13,14,17,19,20,22] [SAFE] 690
975 ) [28,27,24,22,21,19,16] [SAFE] 691
976 ) [89,88,85,82,81,80,79] [SAFE] 692
977 ) [36,38,40,41,43] [SAFE] 693
978 ) [63,62,61,58,55] [SAFE] 694
979 ) [23,26,29,30,33,35,36,39] [SAFE] 695
980 ) [78,75,72,69,68,66] [SAFE] 696
981 ) [64,61,60,59,58,57,56,54] [SAFE] 697
982 ) [33,31,29,26,25] [SAFE] 698
983 ) [72,69,66,63,61] [SAFE] 699
984 ) [3,4,7,9,10] [SAFE] 700
985 ) [11,14,17,20,23] [SAFE] 701
986 ) [17,18,19,20,22,24,27,28] [SAFE] 702
987 ) [88,89,92,95,96] [SAFE] 703
988 ) [67,64,61,60,58,56,55] [SAFE] 704
989 ) [11,12,15,16,18,19,21,24] [SAFE] 705
990 ) [7,10,12,13,15,18,21,23] [SAFE] 706
991 ) [25,26,27,30,31] [SAFE] 707
992 ) [57,56,54,51,50,47,45] [SAFE] 708
993 ) [68,71,72,75,77,78,81,83] [SAFE] 709
994 ) [53,56,57,60,63,66,68,70] [SAFE] 710
995 ) [14,13,12,9,6,5,4,3] [SAFE] 711
996 ) [59,56,53,52,50,48,45] [SAFE] 712
997 ) [51,48,45,42,40,39,36] [SAFE] 713
998 ) [99,96,93,91,88,85,82,80] [SAFE] 714
999 ) [22,21,18,16,14,13,12,10] [SAFE] 715
2)safe count: 715
total levels: 1000
